layer0_key
[[0. 0. 0. ... 0. 0. 0.]
 [0. 0. 0. ... 0. 0. 0.]
 [0. 0. 0. ... 0. 0. 0.]
 ...
 [0. 0. 0. ... 0. 0. 0.]
 [0. 0. 0. ... 0. 0. 0.]
 [0. 0. 0. ... 0. 0. 0.]]

layer0_query
[[0. 0. 0. ... 0. 0. 0.]
 [0. 0. 0. ... 0. 0. 0.]
 [0. 0. 0. ... 0. 0. 0.]
 ...
 [0. 0. 0. ... 0. 0. 0.]
 [0. 0. 0. ... 0. 0. 0.]
 [0. 0. 0. ... 0. 0. 0.]]

layer0_value
[[-0.11928735 -0.21046522 -0.04793428 ...  0.5110456  -0.4368432
   0.25863644]
 [-0.11769062 -0.21675879  0.13222224 ...  0.33424687 -0.31520677
   0.30431294]
 [-0.15024789 -0.1292787  -0.05684064 ...  0.32268822 -0.45781052
   0.31854397]
 ...
 [ 0.02249803  0.07503217 -0.05326793 ...  0.1363214   0.11895947
   0.26593882]
 [-0.01403016  0.00804747 -0.00824985 ...  0.13560133  0.16388972
   0.2065284 ]
 [-0.01075628  0.03204548  0.09753571 ...  0.0520407   0.17032152
   0.16899477]]

layer0_value column-wise dot product
[[0.3239973, 0.12893227, -0.009137823, -0.046922036, -0.00055110926, 0.25784427, 0.00058853143, -0.24925156, 0.08265284, 0.0873491, 0.51286644, -0.05926545, 0.2279999, 0.34175813, 0.10475774, 0.12485802, -0.26758084, -0.02340218, 0.59598655, -0.31203064, -0.495903, 0.24006936, 0.37907097, -0.22468537, 0.1745417, 0.0861325, -0.13307405, 0.07597931, 0.20427322, -0.30036357, 0.04916504, -0.30157202, -0.06915683, 1.3440052, 0.13797648, -0.2225767, -0.26275903, 0.31120735, -0.38660583, 0.115142755, -0.31472236, -0.38011584, 1.5870719, 0.17054172, 0.29878208, -0.10819276, -0.322082, 0.24150094, 0.15476152, 0.12353045, -0.37531766, -0.27334905, 0.2654802, 0.009474968, 1.6463138, 1.0637164, 0.33177826, 0.3223484, 2.0086706, 0.19981588, 0.3159481, 0.3878135, -2.022163, 0.007878741, 0.6359272, 1.3800268, 0.26120558, -0.017826805, -0.03261904, -0.33487102, -0.041658215, 0.41876674, 0.24354927, -0.015343709, 0.12787035, -0.03487448, 0.27244896, -0.26961723, -0.056116823, -0.2947394, 0.04958334, -0.0059275427, 0.2279983, -0.16628174, -2.105813, 0.1720617, 0.2032924, 2.331866, -0.026841056, 0.15941301, 0.62156713, 0.029470015, -0.17553352, 1.4657418, 0.24463922, 0.038198583, -0.041892685, 0.07072666, 0.22225538, 0.2847931, 0.18702707, -0.23046389, 0.31833887, -0.22576565], [0.12893227, 0.39445013, -0.026974935, -0.054967638, -0.109940745, 0.17595536, -0.0019186165, -0.20165169, 0.034100696, 0.11237377, 0.56232023, -0.08103732, 0.1272048, 0.41591308, 0.16227032, 0.27570418, -0.22363706, 0.023960073, 0.83378696, -0.28764117, -0.30782196, 0.22571212, 0.34197167, -0.23486501, 0.22328962, 0.26553825, 0.36285892, 0.20759536, 0.33383456, -0.24902312, 0.2824143, -0.23703231, 0.19692662, 1.7568649, 0.10552331, -0.25053155, -0.2547913, 0.25798258, -0.5877622, 0.03755408, -0.46696743, -0.38762936, 1.3362577, -0.061559755, 0.29565868, -0.09276804, -0.28870106, 0.3952439, 0.23290735, 0.19139434, -0.29128093, -0.20815851, 0.26684168, 0.2478804, 1.3646566, 0.9720137, 0.27961627, 0.2634305, 1.9086875, -0.03306976, 0.27083072, 0.2440596, -2.1193259, -0.08047158, 0.8974231, 1.4263003, 0.24334556, 0.2527864, -0.023399789, -0.29502803, 0.09480984, 0.36665913, 0.25191954, 0.06604294, 0.18254077, 0.09962481, 0.32912877, -0.3012937, 0.026717234, -0.31451032, 0.26641694, 0.053452116, 0.25938553, -0.07079813, -2.0889804, 0.1898564, 0.22929762, 2.4296877, 0.037817236, 0.11465034, 0.65121675, 0.05342109, -0.04400919, 1.4704033, 0.067406006, -0.05279794, -0.092068024, 0.2332037, 0.21034743, 0.25152245, 0.18472296, -0.29368496, 0.2822808, -0.26655695], [-0.009137823, -0.026974935, 0.77872294, 0.012191197, -0.009952047, 0.16631468, 0.09210619, -0.05969678, -0.055529308, 0.21344818, 0.0861609, 0.07718115, 0.044256326, 0.25324413, -0.040302858, -0.1099308, -0.05197284, -0.19741057, 0.16879871, -0.0149302725, -0.09089822, 0.0115674315, 0.037565857, -0.10911864, 0.04160827, 0.14952953, 0.5807969, 0.07824715, 0.03155498, 0.095994055, 0.03927066, -0.058818918, 0.017756512, 0.32751828, -0.041034885, -0.21925901, -0.0710052, -0.075091, -0.4474867, -0.069218725, -0.42330673, -0.025595576, -0.018010039, -0.12644525, -0.004309281, -0.18322664, -0.0074104513, 0.07726136, -0.19257782, -0.037509836, -0.07381384, -0.11869584, 0.0227466, -0.28542402, 0.24283142, 0.3948272, 0.016237, -0.00426238, 0.35951963, -0.010930673, 0.09634789, -0.09056804, -0.14883395, -0.034517705, 0.1606334, 0.29531655, 0.03988547, 0.33304557, -0.026990194, -0.033898305, 0.100862294, 0.03289686, 0.12223899, 0.022349127, 0.014478815, 0.023679584, -0.017810693, 0.105191655, -0.012832439, 0.032202177, 0.55615497, 0.24710438, 0.058994774, 0.1376996, 0.14366867, 0.01984978, 0.025300926, 0.59256256, -0.022065818, 0.05113911, 0.5376921, -0.07489281, 0.11181485, 0.48298025, 0.55041516, 0.521272, 0.50850636, 0.24532399, 0.1167819, 0.29182905, 0.09203646, 0.037270978, 0.05843816, 0.08529491], [-0.046922036, -0.054967638, 0.012191197, 0.3091808, 0.20413628, 0.11053842, 0.19846751, 0.16424227, 0.08013952, 0.08203705, -0.30656087, 0.104629055, 0.09319492, -0.22092281, -0.18000187, -0.30962896, 0.111103185, -0.13280617, -0.7400154, 0.14242752, -0.111402854, -0.17882507, -0.2763377, 0.1261785, -0.09620292, 0.09069361, 0.31565887, 0.1215502, 0.060122803, 0.25163326, 0.112551205, 0.14643595, 0.056224372, -0.79119486, -0.17967571, -0.0656367, 0.14620243, -0.1979724, -0.113641806, -0.18488924, -0.060795195, 0.23505424, -1.6045873, -0.3135918, -0.09318103, 0.14702204, 0.18162072, -0.08166802, -0.051386703, -0.09281523, 0.2932859, 0.1087944, -0.18861368, -0.020187857, -0.5169714, -0.4568449, -0.1284482, -0.105382256, -0.85176307, 0.3783222, 0.2053687, -0.056022182, 1.9335549, 0.3616796, -0.5684346, -1.0335926, -0.23402794, -0.3202833, -0.030168515, 0.16522865, -0.05692571, -0.3025663, -0.1815186, -0.027022144, -0.120169386, -0.15097903, -0.1664086, 0.10642722, -0.13931443, 0.19187887, -0.23822032, -0.25514543, -0.20614173, -0.25618055, 1.6981947, -0.06391822, -0.08330749, -1.3730102, 0.14081852, -0.019476159, -0.15896949, 0.14233856, 0.29566753, -0.7647513, -0.3645696, -0.02615446, -0.08028682, -0.14585035, -0.15593351, -0.15256946, -0.106317006, 0.18782614, -0.21189483, 0.14477244], [-0.00055110926, -0.109940745, -0.009952047, 0.20413628, 8.14925, 11.130179, 8.573894, 1.580534, 7.858914, 11.614785, 8.747642, 2.9265065, 11.202029, 7.867691, -0.3165245, -1.8402044, -0.45325056, -0.45268416, -0.64094144, 0.237966, -1.2067649, -0.45929113, -0.518531, -0.11099775, -0.06299824, 0.051812544, -0.7868475, 0.4277956, 0.304368, 0.3094432, 0.21490431, 0.36727518, 0.7715868, -1.3246325, -0.2823932, -0.40057844, 0.1514154, -0.31113383, -1.265379, -0.6898389, -0.21681322, 0.15345953, -3.7476978, -0.6077042, 0.048068497, -0.48513493, -0.53033084, -1.790639, -0.6361928, -0.6271256, 0.06854582, -1.1583842, -0.48205227, -0.52625936, -2.1928744, -2.6996472, -0.20069636, -0.16708621, -2.4365113, -1.294471, -1.2297829, -1.0830388, 2.5170624, -0.0915293, -2.980458, -3.5123603, -0.37847945, -3.2670596, -0.7818304, 0.21524365, -0.77518517, -0.48066568, -0.63767153, -0.8767886, -0.34350935, -1.0125258, -0.35580337, -0.95699227, -1.2751746, -0.1514125, -2.5966907, -2.1943564, -0.29825515, -0.6861227, 1.9022075, -0.17615919, -0.19420469, -1.7665586, -0.40211087, -0.2441748, -1.0662258, -0.08259242, -1.0418793, -1.024693, -1.7129408, -1.0615512, -1.5611308, -0.40477672, -0.37677112, -1.4073037, -0.12752455, 0.22892375, -0.15868308, -0.054459166], [0.25784427, 0.17595536, 0.16631468, 0.11053842, 11.130179, 19.846954, 13.605509, 2.0520024, 12.25932, 18.805758, 14.971785, 4.503134, 17.619234, 12.806745, -0.5233441, -2.6967556, -1.1083043, -0.9741119, 0.93789905, -0.05764138, -1.4558179, -0.35456643, -0.26970005, -0.49956155, 0.21950018, 0.45912054, -0.6742102, 0.45644775, 0.82192665, 0.058998216, 0.39901972, 0.21615702, 0.5850101, 0.69349927, -0.57489485, -1.9388086, -0.26935324, -0.5174808, -4.178074, -1.4924839, -2.566399, -0.4725631, -4.6447754, -1.6393522, 0.48405653, -0.5527175, -0.9121946, -0.936906, 0.26993477, -0.051420197, -0.1161619, -1.3257565, -0.30389106, 0.77149236, -0.39188567, -1.8321064, 0.2515522, 0.12756005, -0.1054534, -1.5562048, -0.9185771, -1.4645792, 0.4575935, 0.021310896, -0.6801495, -0.5718128, 0.34513733, -0.66136354, 0.30166405, -0.085798964, 0.0023411494, 0.15528533, 0.60149634, -0.46484175, -0.42675993, -1.2180557, -0.029276676, -1.8775517, -2.025996, -0.77656794, -3.2130454, -2.6542087, -0.12500376, -1.0488029, -1.0920341, -0.2406638, -0.20893537, 0.2547535, -0.9819452, -0.59691393, -1.1031955, -0.45170158, -3.273852, -0.294484, -1.7038431, -0.671441, -1.7964982, -0.28310198, -0.1076329, -0.89347905, 0.13279179, -0.05276263, 0.13266312, -0.44936776], [0.00058853143, -0.0019186165, 0.09210619, 0.19846751, 8.573894, 13.605509, 11.884307, 1.8411183, 9.575615, 14.4377985, 10.982506, 3.632843, 13.691912, 9.783759, -0.73999214, -2.7675211, -0.85028213, -1.421462, -0.75714356, 0.103058904, -1.5611784, -0.55365777, -0.39921552, -0.381991, 0.08144464, 0.52332807, -0.09832234, 0.4512866, 0.52275246, 0.38379398, 0.7134642, 0.5177925, 1.1803887, 0.0048640002, -0.42121908, -0.8422803, 0.12648879, -0.37282857, -2.2790303, -0.85803777, -0.6707264, -0.11626708, -3.8870723, -0.6118358, 0.04110207, -0.9802318, -1.1053115, -2.883908, -1.5171473, -1.1628755, -0.21566217, -2.0724006, -0.5204815, -1.5305046, -0.8795417, -1.4412193, 0.0077720676, 0.13181783, -0.6338509, -0.7438778, -0.69763386, -0.60861206, 2.6153684, 0.19966039, -2.8878646, -3.3594098, -0.23742034, -2.7892423, -0.6412412, 0.21959311, -0.99314904, -0.36700025, -0.44576997, -0.9802625, -0.22721663, -0.69012636, -0.20704839, -0.61706936, -0.9704222, -0.19853015, -1.7716556, -1.5281465, -0.121064916, 0.008959077, 1.6113852, -0.12265312, -0.28199363, -0.9288682, -0.48693016, -0.42350703, -0.4061358, -0.14986087, -1.7306195, -0.19983505, -1.0114435, -0.763433, -0.9909763, 0.13489825, -0.27115116, -0.89731157, -0.07210661, 0.36215025, -0.10736712, -0.07092722], [-0.24925156, -0.20165169, -0.05969678, 0.16424227, 1.580534, 2.0520024, 1.8411183, 1.120156, 1.7298312, 2.042725, 0.8007764, 0.84493184, 2.1744998, 0.769066, -0.4629606, -1.1679575, 0.29757348, -0.44092363, -2.2220793, 0.62630635, -0.23586138, -0.6509327, -0.8872504, 0.36267546, -0.41142505, -0.2800372, -0.60928154, -0.09622499, -0.34069714, 0.62214935, -0.35063508, 0.63766235, -0.20368396, -3.8123164, -0.4451486, 0.08044974, 0.5609106, -0.7057866, -0.24698937, -0.51562023, -0.08288256, 0.69623417, -5.094693, -0.72535515, -0.6340852, -0.12706399, 0.16834621, -1.7006385, -1.513008, -0.79576516, 0.58142596, -0.30426544, -0.6915074, -1.3732477, -3.245096, -2.4730234, -0.5782873, -0.45476252, -4.342802, 0.18434505, -0.44232512, -0.49015224, 5.136911, 0.24022458, -1.2408332, -2.8261368, -0.49273962, -0.0120166205, 0.36557028, 0.6713816, 0.26762775, -0.8335194, -0.20987003, 0.2095898, -0.36573905, -0.41356802, -0.62147206, 0.20223163, -0.4518254, 0.5230973, -1.2090745, -0.8970232, -0.6222552, -0.49584934, 5.1830087, -0.19237274, -0.3365121, -4.713496, 0.1673429, -0.022831822, -0.84920084, 0.19445176, 0.42661497, -2.6896992, -1.6354039, -0.723941, -0.7430323, -1.024053, -0.47292352, -1.3525318, -0.46879742, 0.56874985, -0.71777356, 0.36746415], [0.08265284, 0.034100696, -0.055529308, 0.08013952, 7.858914, 12.25932, 9.575615, 1.7298312, 9.841717, 13.0887785, 10.216424, 3.3511205, 12.670917, 8.789914, -0.29970464, -1.7642965, -0.58862936, -0.5725999, -0.23240322, 0.011261484, -1.232363, -0.43504715, -0.1696105, -0.24113856, -0.061493296, -0.060006022, -1.0480825, 0.15506181, 0.25962344, 0.07304375, 0.023154901, 0.2420867, 0.25953442, -1.0411063, -0.34210607, -0.6863011, 0.039499808, -0.35588723, -1.7539284, -0.717927, -0.85134125, -0.30657247, -3.4286463, -0.7032624, 0.22951515, -0.49143463, -0.5468839, -1.1818072, -0.13187273, -0.33354625, -0.09194413, -0.9045815, -0.45727548, 0.023260985, -1.5976286, -2.093728, 0.062255945, 0.034202788, -1.2253699, -1.4302638, -1.1861616, -1.0866833, 1.1348808, -0.25765532, -2.1995847, -2.6153853, -0.15793544, -2.1870959, -0.3111358, 0.06212226, -0.53038, -0.15185545, -0.30448794, -0.72407454, -0.2360283, -0.773515, -0.062664255, -1.0837399, -1.2308929, -0.3723968, -2.5540693, -1.9284958, -0.18635826, -0.40658858, 0.20086963, -0.32295725, -0.27426058, -1.1103493, -0.571292, -0.4400405, -1.5590605, -0.38075274, -1.9542723, -0.66325927, -2.212427, -1.5131456, -2.212473, -0.98281735, -0.4424263, -2.1623511, -0.3457538, 0.08976517, -0.09066852, -0.26060468], [0.0873491, 0.11237377, 0.21344818, 0.08203705, 11.614785, 18.805758, 14.4377985, 2.042725, 13.0887785, 22.027197, 16.063158, 4.6848774, 19.10047, 14.0715065, -0.19323677, -1.4278733, -0.74205977, -0.031029109, 2.4260583, -0.22484046, -0.062538676, -0.06391635, 0.06441765, -0.4088149, 0.13155124, -0.6958036, -2.6785092, -0.32996523, -0.24740203, -0.28009844, -1.0955334, -0.07266325, -0.28531656, -0.32354435, -0.45025408, -2.1130934, -0.4126, -0.48801237, -4.0139675, -1.2532498, -2.3315222, -0.7621466, -3.1065354, -1.066999, 0.5813513, -1.1674551, -1.319554, -2.3597686, -0.33875766, -0.5561928, -0.74038005, -2.0093663, -0.35416374, -0.31797695, -0.32602414, -1.09868, 0.35142905, 0.22600837, 1.2622031, -2.2777426, -1.0981617, -1.6226581, -1.0004994, -0.5695005, -0.43295768, 0.06601252, 0.26250243, -1.6334985, -0.034326226, -0.2927838, -0.40817255, 0.05689561, 0.39075756, -0.91191715, -0.43343392, -1.3700727, 0.13708259, -2.5358129, -1.6624218, -0.8670402, -3.4018986, -2.5161934, 0.0551077, -0.2538521, -0.4740574, 0.26778787, 0.13961014, 3.480811, -0.41275474, 0.0065056933, 1.5518222, -0.16895057, -0.98907626, 2.770475, -0.19149311, 0.24713534, -0.55511284, 0.8119974, 0.121379614, 0.1335485, 0.40695947, -0.043435916, 0.5959807, -0.58101624], [0.51286644, 0.56232023, 0.0861609, -0.30656087, 8.747642, 14.971785, 10.982506, 0.8007764, 10.216424, 16.063158, 16.375288, 3.336319, 15.296193, 12.35682, 0.64645267, 1.2160025, -1.0422604, 0.91639704, 6.480267, -1.0584172, 0.82541823, 1.023654, 1.4481269, -0.918644, 0.81857944, 1.060681, 1.3086396, 1.3021525, 1.7855132, -1.0368654, 2.0945516, -0.7969826, 2.0537279, 9.1842375, 0.1058199, -1.9572835, -1.1356174, 0.77680665, -3.6908326, -0.5906945, -2.4184473, -1.8276447, 4.5956397, -0.351645, 1.3407522, -1.0026991, -1.7687272, 0.9973786, 1.9579762, 0.8654355, -1.5875126, -1.7375864, 0.9476897, 1.5568789, 4.036822, 2.3918245, 1.2530704, 0.9512336, 7.5570855, -2.5758739, -0.62428176, -0.7065442, -8.854979, -1.2762607, 2.1485875, 4.9934044, 1.0688769, -0.3392616, -0.5879819, -1.1775246, -0.7932771, 1.4627986, 0.93788236, -0.93363994, 0.6872878, 0.28211573, 1.2318714, -1.2669716, 0.06440111, -1.5311602, 0.49346384, 0.121483706, 1.1670734, 0.84604526, -9.859795, 0.20664653, 0.29223025, 9.498443, -1.2961556, -0.5706273, 1.3736397, -1.257089, -2.7110183, 5.511347, 0.092496954, -1.3228661, -1.7042452, 0.37715286, 0.16052502, -0.08127194, 0.377298, -1.283882, 1.244098, -1.3922228], [-0.05926545, -0.08103732, 0.07718115, 0.104629055, 2.9265065, 4.503134, 3.632843, 0.84493184, 3.3511205, 4.6848774, 3.336319, 1.603913, 4.5671573, 2.9236722, -0.35082683, -1.3395109, -0.120918766, -0.76261073, -1.3057989, 0.2646807, -0.89902484, -0.45782003, -0.4971128, -0.011417037, -0.11665306, 0.3994095, 0.2797893, 0.32578704, 0.3575867, 0.39527535, 0.44267705, 0.4242419, 0.64200234, -1.0266281, -0.41604555, -0.5115685, 0.16208664, -0.53546923, -1.6671578, -0.6297156, -0.91676015, 0.18987577, -3.7250168, -0.9513869, -0.2488768, -0.32912147, -0.16479655, -1.3212, -0.8811748, -0.5212251, 0.16691378, -0.6888831, -0.37641695, -1.0231242, -1.5322896, -1.3976628, -0.1976344, -0.15445171, -1.8461978, -0.27347818, -0.42110085, -0.3949839, 2.5434194, 0.11622525, -1.243414, -1.9010503, -0.19801296, -0.749157, -0.039893016, 0.2756038, -0.050164558, -0.3972798, -0.16091779, -0.21800214, -0.22724906, -0.40941608, -0.3093455, -0.2631421, -0.5950417, 0.14330421, -1.2299606, -1.0802628, -0.31362954, -0.32271084, 2.2790537, -0.067847356, -0.16811304, -1.8173074, -0.07108048, -0.0710592, -0.55769384, 0.033583283, -0.40613687, -1.2633628, -0.69802576, -0.2459116, -0.27875343, -0.2552048, -0.1861088, -0.4954192, -0.08403631, 0.31357214, -0.2657408, 0.16654707], [0.2279999, 0.1272048, 0.044256326, 0.09319492, 11.202029, 17.619234, 13.691912, 2.1744998, 12.670917, 19.10047, 15.296193, 4.5671573, 21.848932, 13.72074, -0.15547876, -0.58571047, -0.37032333, 0.5621221, 2.9612992, -0.101809435, 0.615602, -0.11962919, -0.0014805369, -0.2999178, 0.20940183, 0.72775686, -0.034556225, 0.58639663, 1.3821702, 0.06256602, 0.48452103, 0.23276448, 0.94956154, 1.5143988, -0.48511472, -1.7649193, -0.28226975, -0.5555359, -4.3687663, -1.4027271, -2.3674085, -0.41600087, -3.2588573, -1.5602944, 0.17932382, -1.0256721, -1.538899, -2.2872849, -0.6405535, -0.8753762, -0.6149621, -2.353613, -0.49747905, -0.309519, 1.1405708, 0.6334606, 0.36976564, 0.676001, 2.9371037, -0.49865404, 0.35415578, 0.20928785, 1.9179198, 0.48624808, -4.4960756, -4.0587716, -0.56400025, -5.882733, -1.8160243, -0.32135874, -2.0751834, -0.005508956, -0.96830326, -1.9221804, 0.06288919, -0.5492835, 0.097304806, -1.0556451, -0.6070821, -0.45749325, -1.6593047, -1.6448829, 0.07227644, 0.47612682, 1.5977111, 0.49046865, 0.32417154, 4.089976, 0.13483112, 0.47274125, 2.1897578, 0.4021122, 0.66481733, 3.5947003, -3.1622262, -2.5775182, -3.25148, -1.9567057, -0.4833609, -2.6223264, -0.42411268, -0.2145954, -0.14530942, -0.8741847], [0.34175813, 0.41591308, 0.25324413, -0.22092281, 7.867691, 12.806745, 9.783759, 0.769066, 8.789914, 14.0715065, 12.35682, 2.9236722, 13.72074, 12.173946, 0.1302153, -0.39254513, -1.2720811, -0.16155213, 3.8539722, -0.806001, -0.88551974, 0.53085506, 0.89182293, -0.97679394, 0.5931667, 0.9412098, 0.2857047, 0.8522176, 1.0003684, -0.58096313, 0.91451526, -0.59743005, 1.2820193, 5.9609904, 0.39370823, -1.1011212, -0.679241, 0.9455251, -1.182959, 0.07988691, -0.61814326, -1.2797797, 4.7165217, 0.38883558, 0.80939525, -1.2748615, -1.9998555, -1.2028915, -0.12112313, -0.4657855, -1.5087658, -2.3893273, 0.30718023, -0.57165706, 3.0632021, 1.7245739, 0.9714151, 0.8473424, 5.7811203, -1.779256, -0.56192774, -0.2791966, -6.1267343, -0.63100666, -0.1456711, 2.4845812, 0.72006077, -2.5294926, -1.0806904, -0.929274, -1.1455288, 1.0875753, 0.21480587, -1.1579489, 0.18367924, -0.19507843, 0.76026356, -1.5019369, -0.55738235, -1.2286295, -0.66254956, -0.72325754, 0.8642859, 0.069108926, -5.9431086, 0.61002994, 0.6103148, 8.394372, -0.4673167, 0.007522685, 2.580047, -0.21817318, -0.91029197, 5.6463737, 0.7125566, -0.21437746, -0.45250306, 1.0426453, 0.36053985, 0.66572195, 0.60591215, -0.78022176, 1.1466205, -0.8996217], [0.10475774, 0.16227032, -0.040302858, -0.18000187, -0.3165245, -0.5233441, -0.73999214, -0.4629606, -0.29970464, -0.19323677, 0.64645267, -0.35082683, -0.15547876, 0.1302153, 2.5173311, 7.1867905, 1.9703134, 4.749569, 9.426439, 0.02415876, 7.840139, 1.5641184, 1.3907701, 0.99139357, 0.14227559, -0.57895744, -1.1145276, -0.36788994, -0.50157773, -0.57019925, -0.68603015, -0.62110287, -0.46571213, 1.4192097, 0.01774589, -0.66825646, -0.52058965, 0.24135447, -1.8512836, -0.27452752, -1.5533655, -0.6175952, 1.5545053, -0.38276434, 0.36521903, -0.29521668, -0.5361899, 0.25285637, 0.06434003, 0.3790999, -0.63298786, -0.390134, 0.46148625, -0.29751635, 1.4002327, 0.7430574, 0.33823484, 0.21606778, 2.6644456, -1.3239033, -0.15281413, -0.085202076, -4.236363, -0.59119874, -0.5889437, 0.7183529, 0.042945515, -1.904971, -0.8789746, -0.5751638, -0.80721635, 0.47539073, -0.4184037, -0.63233125, 0.14084375, -0.054063786, 0.36744842, -1.172435, -0.29297248, -0.68494046, -0.61179864, -0.96298796, 0.34280124, -0.31921625, -4.6283116, -0.083654486, 0.08584291, 2.7162006, -0.3346326, 0.056785084, -0.11440337, -0.3387902, -0.21907237, 1.6787231, 0.07321099, -0.75925773, -0.8630756, -0.55948824, 0.104583584, -0.4524031, -0.10436688, -0.5441283, 0.50839937, -0.555264], [0.12485802, 0.27570418, -0.1099308, -0.30962896, -1.8402044, -2.6967556, -2.7675211, -1.1679575, -1.7642965, -1.4278733, 1.2160025, -1.3395109, -0.58571047, -0.39254513, 7.1867905, 27.305956, 7.064851, 16.178257, 32.773277, 0.51200455, 29.024803, 4.7603707, 3.9058607, 3.808898, 0.043230828, -2.0123723, -1.5764875, -1.7800342, -1.3602625, -1.1595565, -1.9060607, -1.6071337, -1.8004135, 5.149316, -0.15362027, -1.9709557, -1.2341782, 0.40359357, -2.9537685, -1.030803, -4.530256, -1.2154385, 6.18068, -1.1226324, 0.17529444, -1.2041126, -1.6128982, 0.28707123, -0.11240892, 0.26843995, -1.7585372, -1.0131993, 0.7369799, -0.7804341, 4.1120796, 3.0475001, 0.63710856, 0.46333337, 8.411815, -3.4226792, 0.020221297, 0.9923128, -8.8085, -1.2176179, -0.7724692, 2.3210666, -0.21841523, -4.099192, -2.3919592, -1.3687826, -2.7928703, 0.8068587, -1.619247, -2.1591682, 0.5294807, 0.015754472, 0.8542549, -2.866327, 0.074025676, -1.541218, 0.56118035, -0.89474976, 0.8179733, -0.74635553, -8.092628, -0.076048546, 0.45658973, 8.004366, -0.4501187, 0.32235438, 2.3118503, -0.6451617, 2.6653159, 6.1055875, 1.166759, -1.1196066, -0.8297301, -0.83471704, 0.1430247, 0.011704876, -0.4290741, -1.1779809, 0.9258425, -1.3736653], [-0.26758084, -0.22363706, -0.05197284, 0.111103185, -0.45325056, -1.1083043, -0.85028213, 0.29757348, -0.58862936, -0.74205977, -1.0422604, -0.120918766, -0.37032333, -1.2720811, 1.9703134, 7.064851, 3.0569475, 4.7945437, 7.410298, 0.84707934, 9.069667, 0.9561855, 0.34918016, 1.7184026, -0.3801449, -1.0408732, -1.5547603, -0.8371953, -0.95850354, 0.31184223, -1.3296813, 0.07911811, -0.8670549, -3.4876204, -0.6141628, -0.5572196, 0.08999339, -0.79668736, -2.0714173, -0.8960979, -1.6714296, 0.44276163, -4.347385, -1.4312735, -0.4892632, -0.16976634, 0.15844235, -1.2308501, -1.2269844, -0.26871452, 0.27796307, -0.07945634, -0.33306846, -1.3983932, -2.243087, -1.6828754, -0.4252389, -0.35231552, -2.4206765, -0.6158859, -0.19266686, -0.5148281, 2.4077978, -0.026842073, -2.4862075, -3.1812112, -0.76494825, -2.127559, -0.6992197, 0.28329495, -0.717762, -0.63438267, -0.9631219, -0.5153552, -0.26719528, -0.47290435, -0.41724896, -0.7669861, -0.72411156, 0.13510269, -1.5506372, -1.4783062, -0.45877773, -0.5875926, 2.6499844, -0.25552446, -0.24099536, -3.1219847, 0.08702561, 0.054085024, -0.8226653, 0.06646459, 1.2183453, -1.5274496, -1.3139212, -0.91243213, -0.95629495, -1.3905951, -0.4594025, -1.4533472, -0.5964866, 0.26867765, -0.4519314, 0.09147957], [-0.02340218, 0.023960073, -0.19741057, -0.13280617, -0.45268416, -0.9741119, -1.421462, -0.44092363, -0.5725999, -0.031029109, 0.91639704, -0.76261073, 0.5621221, -0.16155213, 4.749569, 16.178257, 4.7945437, 11.520526, 20.423908, 0.5985882, 18.814863, 2.9996386, 2.2958977, 2.6803277, 0.012268338, -1.4948739, -1.9499167, -0.93417776, -0.8948822, -0.6500193, -1.5392451, -0.8396286, -1.1161028, 1.099289, -0.24453676, -1.2546902, -0.60786253, -0.057680804, -2.6852932, -0.7835359, -2.8749077, -0.593739, 0.76708776, -1.0561792, 0.16872069, -0.28897685, -0.5434769, 0.29196033, -0.14718904, 0.7635617, -0.73513615, -0.08537942, 0.39332822, -0.11894795, -0.16093048, -0.32352096, 0.046831943, -0.0040162853, 1.9954396, -3.2939017, -1.1929132, -0.8458066, -5.424477, -1.3712821, -1.7125232, -0.20680435, -0.38794205, -3.8656735, -1.6214278, -0.6935803, -1.6927685, 0.29227257, -1.1251904, -1.2965175, -0.08957209, -0.31325716, 0.31314582, -2.2835715, -0.8640235, -0.8650517, -1.3947115, -1.7537271, 0.16517903, -1.2678926, -4.4166336, -0.31567013, -0.08099803, 2.811943, -0.41633204, 0.2585193, 0.21100838, -0.4179661, 1.3205458, 2.1670945, -0.1598523, -1.5534872, -0.97086275, -1.226214, -0.13633601, -1.1031042, -0.471399, -0.78202635, 0.4253274, -0.9071357], [0.59598655, 0.83378696, 0.16879871, -0.7400154, -0.64094144, 0.93789905, -0.75714356, -2.2220793, -0.23240322, 2.4260583, 6.480267, -1.3057989, 2.9612992, 3.8539722, 9.426439, 32.773277, 7.410298, 20.423908, 49.160255, -0.74389815, 36.55255, 7.0023484, 6.548724, 3.6488361, 1.1576989, 0.24174596, 2.7477362, 0.35342187, 0.7829675, -2.3815575, 1.0310926, -2.684864, 1.1710265, 18.991825, -0.0004580291, -4.2187147, -2.7658584, 1.3517622, -6.625519, -1.4388467, -7.8859844, -3.321945, 14.752132, -1.7649463, 1.4532567, -1.7474488, -3.1744902, 2.5051656, 1.8995692, 1.7160584, -3.8632507, -2.0031967, 2.2947395, 1.5873054, 12.964714, 9.717507, 2.2019634, 1.6648003, 20.759243, -4.471375, 0.63057685, 1.9730601, -20.618343, -1.5724869, 1.4534233, 8.259268, 0.67945164, -5.4126773, -4.136126, -2.9873135, -4.391355, 2.6801975, -1.4165696, -3.5378616, 1.2884202, 1.1928214, 2.3331823, -4.1721597, 1.2235109, -3.2293534, 3.8708658, 0.49500835, 2.3328295, 0.04951378, -20.153006, 0.4543173, 1.3479587, 22.063927, -0.8712761, 1.2028257, 7.3517833, -0.8267763, 3.2238593, 15.57067, 5.899453, 0.18006569, 1.2114619, 2.5694473, 1.3645521, 4.328414, 0.8061566, -2.829656, 2.6704636, -2.409599], [-0.31203064, -0.28764117, -0.0149302725, 0.14242752, 0.237966, -0.05764138, 0.103058904, 0.62630635, 0.011261484, -0.22484046, -1.0584172, 0.2646807, -0.101809435, -0.806001, 0.02415876, 0.51200455, 0.84707934, 0.5985882, -0.74389815, 1.0568377, 1.9063337, -0.4626538, -0.79719794, 0.7471598, -0.52945024, -0.7174088, -0.95953214, -0.41925207, -0.76514024, 0.6622926, -0.7794058, 0.60762393, -0.6477252, -4.4826336, -0.52830386, 0.10565421, 0.6014398, -0.87979734, -0.4275632, -0.56342804, -0.23469241, 0.8551235, -5.248103, -0.88926834, -0.6803436, 0.10235237, 0.5007005, -0.9331048, -1.1569905, -0.5163433, 0.75908315, 0.20743817, -0.6644786, -0.96028054, -3.3370676, -2.4346273, -0.66503793, -0.55584884, -4.730853, 0.07790247, -0.41843003, -0.5119668, 5.351587, 0.2478101, -1.3682135, -2.907807, -0.6049188, -0.010377387, 0.29363567, 0.7494521, 0.302427, -0.9241154, -0.33422136, 0.14358038, -0.43032187, -0.29890275, -0.74779904, 0.22593488, -0.3739817, 0.6900485, -0.7200798, -0.60553384, -0.6578327, -0.32129306, 5.4377594, -0.28409567, -0.3949214, -5.660522, 0.09804525, -0.21874908, -1.2372036, 0.13168506, 0.43377826, -3.1578789, -1.4965502, -0.5486253, -0.40775797, -0.99003845, -0.48964977, -1.0681373, -0.5355236, 0.61787206, -0.7731715, 0.4967772], [-0.495903, -0.30782196, -0.09089822, -0.111402854, -1.2067649, -1.4558179, -1.5611784, -0.23586138, -1.232363, -0.062538676, 0.82541823, -0.89902484, 0.615602, -0.88551974, 7.840139, 29.024803, 9.069667, 18.814863, 36.55255, 1.9063337, 37.883755, 4.614378, 3.1046896, 5.335618, -0.6107714, -2.9721417, -2.037526, -2.3133023, -2.126577, -0.21615283, -2.398568, -0.6297856, -1.9123665, 0.029629894, -0.97326374, -2.1840725, -0.46350262, -0.97418374, -3.6017487, -2.0485644, -4.864591, -0.06840152, -0.9384413, -2.5022454, -0.82186586, -1.0785872, -1.1003965, -1.3416528, -1.4266669, -0.131845, -0.9141898, -0.90153694, -0.100732125, -1.1218446, -0.86808366, -0.42175347, -0.346379, -0.32747644, 2.2527666, -3.8811958, -1.0690401, -0.6849236, -1.7669053, -1.0490248, -3.8134484, -2.6423645, -1.457261, -4.939448, -2.819711, -0.17168482, -3.08836, -0.6788447, -2.8765502, -2.70206, -0.16199207, 0.016247137, -0.16642265, -2.2757103, -0.15823422, -0.82180566, 0.18570264, -1.1835916, -0.14730407, -0.15484355, -0.5995022, -0.5825498, -0.18520534, 0.7698716, -0.49360305, -0.07160145, 2.113567, -0.2544624, 3.985046, 2.7335274, 1.3463607, -0.75524217, 0.2244434, -0.67188656, -0.39210457, 0.35371336, -0.894082, -0.31625867, -0.06065369, -0.56285447], [0.24006936, 0.22571212, 0.0115674315, -0.17882507, -0.45929113, -0.35456643, -0.55365777, -0.6509327, -0.43504715, -0.06391635, 1.023654, -0.45782003, -0.11962919, 0.53085506, 1.5641184, 4.7603707, 0.9561855, 2.9996386, 7.0023484, -0.4626538, 4.614378, 1.5357426, 1.3722914, 0.29938838, 0.3869021, -0.18996619, -0.48208174, -0.10050076, -0.038490992, -0.6638156, -0.22751372, -0.7939444, -0.039102096, 3.3234158, 0.26265275, -0.635504, -0.6967509, 0.6023467, -1.1690594, 0.06629941, -1.2220049, -0.86562836, 3.7578616, 0.042621493, 0.5853872, -0.41157922, -0.7085837, 0.4709048, 0.49268883, 0.5350305, -0.873099, -0.4251281, 0.6694242, 0.14064533, 2.871541, 2.0638075, 0.6034233, 0.48357603, 4.65951, -0.8832634, 0.16146503, 0.27806315, -5.6123147, -0.42914456, 0.78973114, 2.5330727, 0.45758823, -0.84140146, -0.58909804, -0.76376724, -0.59894186, 0.8703966, 0.07492197, -0.39345184, 0.4057683, 0.24430205, 0.65228814, -0.8256784, 0.1493056, -0.8111152, 0.2225717, -0.0042296485, 0.65401816, 0.078379765, -6.038191, 0.064671256, 0.25868982, 4.7783756, -0.3251376, 0.1728298, 0.6368551, -0.4003341, -0.36211833, 2.8405435, 1.1260356, 0.08876945, 0.116254576, 0.39317244, 0.42808023, 0.62687385, 0.29776138, -0.705218, 0.77735215, -0.6497034], [0.37907097, 0.34197167, 0.037565857, -0.2763377, -0.518531, -0.26970005, -0.39921552, -0.8872504, -0.1696105, 0.06441765, 1.4481269, -0.4971128, -0.0014805369, 0.89182293, 1.3907701, 3.9058607, 0.34918016, 2.2958977, 6.548724, -0.79719794, 3.1046896, 1.3722914, 1.870776, -0.11096871, 0.5468333, 0.0016458371, -0.31432056, 0.033463538, 0.09175126, -1.0443785, 0.058886692, -1.0128933, -0.012065405, 4.8894477, 0.46513602, -0.6024689, -0.8627649, 0.8594363, -1.1254102, 0.30467883, -0.90744483, -1.2127758, 5.8933334, 0.51237774, 0.949962, -0.15043424, -0.6608907, 1.5468738, 1.5443809, 0.98942757, -1.0941204, -0.10939019, 1.0147848, 1.3723564, 3.944404, 3.0346246, 0.8775517, 0.66437334, 6.1463323, -1.1071472, 0.25173655, 0.22382398, -7.946342, -0.66443217, 1.1730902, 3.3437471, 0.64818513, -0.95436305, -0.73809385, -1.071019, -0.7420974, 1.2139903, 0.158585, -0.51583713, 0.6541122, 0.530154, 0.9693964, -0.5925973, 0.5184789, -0.966011, 1.0233847, 0.58562195, 0.947654, 0.56000596, -7.698828, 0.19653876, 0.41607034, 7.0528812, -0.2742172, 0.3107634, 1.3084668, -0.37191167, -0.5611557, 4.491589, 1.2402678, -0.22323644, -0.23226164, 0.48012817, 0.45983684, 0.53101444, 0.36999315, -0.9423865, 1.0019834, -0.8244959], [-0.22468537, -0.23486501, -0.10911864, 0.1261785, -0.11099775, -0.49956155, -0.381991, 0.36267546, -0.24113856, -0.4088149, -0.918644, -0.011417037, -0.2999178, -0.97679394, 0.99139357, 3.808898, 1.7184026, 2.6803277, 3.6488361, 0.7471598, 5.335618, 0.29938838, -0.11096871, 1.374461, -0.41488767, -0.8325455, -1.3158362, -0.63811433, -0.7812872, 0.3338008, -0.921707, 0.28324, -0.8176012, -3.43341, -0.33750477, -0.052897777, 0.28272617, -0.6103528, -0.6400348, -0.47338414, -0.61516744, 0.5627977, -3.6546392, -0.75145656, -0.5025601, -0.060483404, 0.1436765, -1.2758241, -1.1857133, -0.4667934, 0.35312015, -0.13413927, -0.4728376, -1.1799145, -2.3061981, -1.642596, -0.48115325, -0.40252784, -3.053745, -0.1630417, -0.39471716, -0.23578279, 3.2604923, 0.15647781, -1.7941774, -2.683311, -0.6093647, -1.2271532, -0.12924664, 0.41380933, -0.2968978, -0.67989784, -0.66996807, -0.20158218, -0.37278613, -0.5461787, -0.48419777, -0.54103893, -0.7221452, 0.2818453, -1.4143608, -1.2763984, -0.5128717, -0.7302809, 2.961367, -0.26485795, -0.39161003, -4.101287, -0.079459734, -0.24864836, -1.3981811, -0.04847881, 0.4196822, -2.3240707, -1.1305337, -0.41820598, -0.4452508, -0.86437887, -0.32402524, -0.96010566, -0.4270384, 0.37481722, -0.46936694, 0.21397641], [0.1745417, 0.22328962, 0.04160827, -0.09620292, -0.06299824, 0.21950018, 0.08144464, -0.41142505, -0.061493296, 0.13155124, 0.81857944, -0.11665306, 0.20940183, 0.5931667, 0.14227559, 0.043230828, -0.3801449, 0.012268338, 1.1576989, -0.52945024, -0.6107714, 0.3869021, 0.5468333, -0.41488767, 0.7669755, 1.5718249, 2.8109207, 1.1351546, 1.679601, -0.18882701, 2.0294275, -0.21411045, 1.8862513, 5.4623017, 0.2532951, -0.347765, -0.4133753, 0.40361476, -0.7331111, 0.18138865, -0.50014377, -0.63913363, 2.6683888, 0.13580298, 0.3854227, -0.2413079, -0.46917865, 0.14055115, 0.37462488, 0.2936625, -0.54176277, -0.61397207, 0.4427066, -0.030960793, 2.199434, 1.3801666, 0.40087366, 0.40643847, 3.0939288, -0.2966363, 0.24477999, 0.23106416, -3.7651727, -0.2790503, 0.60717297, 1.7320865, 0.3732978, -0.14446598, -0.39113277, -0.51133525, -0.26703545, 0.5914877, 0.1959291, -0.20457208, 0.20016865, 0.031704202, 0.4759427, -0.52608097, -0.081175685, -0.4823044, 0.3336357, -0.08982909, 0.36469516, -0.06256303, -3.4450316, 0.24935783, 0.31259218, 4.2141027, -0.048608188, 0.3140655, 1.0253488, -0.01656911, -0.14549653, 2.3393347, 0.34870756, -0.4566282, -0.11271577, 0.37572026, 0.21749938, 0.2192029, 0.20816329, -0.5203466, 0.4276646, -0.3625123], [0.0861325, 0.26553825, 0.14952953, 0.09069361, 0.051812544, 0.45912054, 0.52332807, -0.2800372, -0.060006022, -0.6958036, 1.060681, 0.3994095, 0.72775686, 0.9412098, -0.57895744, -2.0123723, -1.0408732, -1.4948739, 0.24174596, -0.7174088, -2.9721417, -0.18996619, 0.0016458371, -0.8325455, 1.5718249, 10.202044, 17.913483, 7.078491, 8.928897, 1.5904324, 12.394591, 1.2298287, 10.682418, 20.107273, -0.16655897, -1.4718355, -0.44292498, -0.348589, -4.2755227, -0.776619, -1.990294, -0.44198135, 0.085515305, -1.9413335, -0.26044798, -0.7858082, -1.1491114, -1.7223159, -1.5478145, -0.54000735, -0.47602466, -2.3641226, 0.07964011, -2.4098551, 0.7445372, -0.40019256, 0.1285023, 0.10802331, 2.0088193, -0.8088498, -0.55600035, -0.15967402, -3.2516317, -0.79228973, -0.6724431, 0.37933362, -0.0060599004, -0.220551, -0.96608764, -0.21095362, -0.83630294, 0.40194556, -0.15955034, -0.36293697, -0.272885, 0.13279077, 0.42696318, -0.43878466, -0.3855026, -0.33660236, 0.7251102, -0.9256401, -0.14084269, -1.0386885, -1.4075749, 0.36139068, 0.5490137, 4.745508, -0.08050408, 0.31851473, 1.2447567, 0.18199836, 0.3782559, 1.2071561, 0.28038493, -2.0769444, 0.6826493, 1.6375647, -0.2283954, -0.0917197, 0.17095138, -0.4567735, -0.2474114, -0.13470177], [-0.13307405, 0.36285892, 0.5807969, 0.31565887, -0.7868475, -0.6742102, -0.09832234, -0.60928154, -1.0480825, -2.6785092, 1.3086396, 0.2797893, -0.034556225, 0.2857047, -1.1145276, -1.5764875, -1.5547603, -1.9499167, 2.7477362, -0.95953214, -2.037526, -0.48208174, -0.31432056, -1.3158362, 2.8109207, 17.913483, 38.407677, 12.876164, 17.043022, 3.1944218, 24.389864, 2.2973492, 20.219824, 40.18007, -0.63611376, -2.5117657, -0.5865018, -0.7454572, -5.974693, -1.6895112, -3.2991457, -0.636445, 1.7537075, -3.09024, -0.45699516, -0.3077549, -0.71763885, 1.5892974, 0.55498606, 0.24518305, 0.031144807, -1.9542549, 0.14634131, 0.8383192, 3.0977442, 0.6912624, -0.09279502, 0.0882731, 5.271617, -0.4855815, -0.045853917, 0.73179317, -3.1856663, -0.6161522, -2.0884058, -0.5559886, -0.51003957, -0.061740786, -2.6002724, -0.0951677, -2.1309996, -0.031317063, -1.0563036, -1.3683298, -0.76908433, 0.19098118, 0.49943358, -0.90420616, -0.38502935, -0.29195654, 3.0271564, -0.14049897, -0.46539086, -1.5472956, 0.7669917, 0.4920842, 0.91259986, 9.02488, -0.07067807, 0.62096095, 4.1239514, 0.25274214, 2.9512758, 3.0256531, 2.103308, -1.869702, 3.3254375, 5.140524, -0.24305087, 1.944268, 0.3875905, -0.7809972, -0.7920607, 0.24109404], [0.07597931, 0.20759536, 0.07824715, 0.1215502, 0.4277956, 0.45644775, 0.4512866, -0.09622499, 0.15506181, -0.32996523, 1.3021525, 0.32578704, 0.58639663, 0.8522176, -0.36788994, -1.7800342, -0.8371953, -0.93417776, 0.35342187, -0.41925207, -2.3133023, -0.10050076, 0.033463538, -0.63811433, 1.1351546, 7.078491, 12.876164, 6.183214, 6.325354, 1.1619539, 9.336233, 0.8583384, 7.9330044, 14.632508, -0.22443956, -1.3559192, -0.28105617, -0.41619253, -3.8771946, -0.77005476, -2.0744958, -0.41051963, -1.1442074, -1.738523, -0.13720454, -0.43439257, -0.72014445, -0.67390454, -0.82364446, -0.20434123, -0.29536974, -1.8804148, 0.09345198, -1.6259185, 0.31564778, -0.4011488, 0.035338398, 0.030665524, 1.319177, -0.7786775, -0.6843436, -0.33898953, -2.2913241, -0.5240198, -0.40317833, 0.30799508, -0.031616196, -0.052174807, -0.5530789, -0.13843857, -0.53993565, 0.22505595, 0.029236149, -0.1975627, -0.1962995, 0.17424352, 0.29891008, -0.2102442, -0.32176375, -0.19920549, 0.41081113, -0.91408527, -0.11755465, -1.0464215, -1.6888659, 0.1010462, 0.31173682, 2.8305614, -0.2725931, 0.11178084, 0.122836985, -0.23355408, -0.4502153, 0.28033602, 0.021067437, -1.6283485, 0.43571204, 1.4475888, -0.20702171, -0.12395553, 0.15437454, -0.43399367, -0.19798885, -0.14463322], [0.20427322, 0.33383456, 0.03155498, 0.060122803, 0.304368, 0.82192665, 0.52275246, -0.34069714, 0.25962344, -0.24740203, 1.7855132, 0.3575867, 1.3821702, 1.0003684, -0.50157773, -1.3602625, -0.95850354, -0.8948822, 0.7829675, -0.76514024, -2.126577, -0.038490992, 0.09175126, -0.7812872, 1.679601, 8.928897, 17.043022, 6.325354, 10.048163, 1.3574276, 12.013051, 1.0915384, 9.913173, 19.788534, -0.29293266, -1.6889809, -0.48820594, -0.39508724, -4.5846195, -0.67539763, -2.5868611, -0.62535787, -0.0804362, -1.9966884, 0.043917105, -0.36827204, -0.72115755, 0.10855661, -0.30441135, 0.16277593, -0.3402977, -1.35505, 0.30991325, -0.72504556, 2.1653984, 0.69480544, 0.24843171, 0.33233386, 3.856341, -0.34042522, 0.029386438, 0.76605475, -3.1838145, -0.3804328, -0.70408505, 0.51663494, -0.023293167, -0.031733967, -1.1381488, -0.3487467, -0.8316267, 0.43306863, -0.15650283, -0.45405236, -0.020834446, -0.28664893, 0.5164594, -0.7056459, -0.3957278, -0.47961092, 0.71908635, -0.7746496, -0.1023691, -0.9161572, -2.5270994, 0.36672363, 0.4029671, 4.970217, -0.47155353, 0.29088444, 0.74121004, -0.23665585, 0.04166806, 1.192532, -0.59207034, -2.4901423, -0.05181744, 1.1892135, -0.2246901, -0.75518584, 0.004942222, -0.82251775, -0.24495175, -0.41187468], [-0.30036357, -0.24902312, 0.095994055, 0.25163326, 0.3094432, 0.058998216, 0.38379398, 0.62214935, 0.07304375, -0.28009844, -1.0368654, 0.39527535, 0.06256602, -0.58096313, -0.57019925, -1.1595565, 0.31184223, -0.6500193, -2.3815575, 0.6622926, -0.21615283, -0.6638156, -1.0443785, 0.3338008, -0.18882701, 1.5904324, 3.1944218, 1.1619539, 1.3574276, 1.3116785, 1.9582494, 0.95943075, 1.8052499, -0.4492418, -0.5342849, -0.15858157, 0.54365987, -0.8639264, -0.8248043, -0.6429161, -0.3753109, 0.8961872, -5.3999515, -1.1632584, -0.7741384, -0.0011210623, 0.3721962, -1.3707756, -1.6008137, -0.78441435, 0.78551096, -0.21293762, -0.79114306, -1.476489, -3.2300375, -2.4354236, -0.676774, -0.5237868, -4.2080026, 0.41084814, -0.2949984, -0.30465075, 5.619236, 0.39080256, -1.9351579, -3.5533826, -0.6615446, -0.2852761, 0.023839084, 0.7825892, 0.039542843, -0.953655, -0.56563896, 0.09474723, -0.57433903, -0.46590307, -0.7191616, 0.27185327, -0.7720213, 0.6383581, -1.0672526, -1.104828, -0.7567285, -0.75788224, 5.535745, -0.17428209, -0.28888866, -5.0916433, 0.12048098, -0.20776063, -1.1487838, 0.17319518, 0.40695685, -3.3810346, -0.93280673, -0.2439289, 0.45234293, -0.10223622, -0.41952547, -0.5902225, -0.3755948, 0.6358788, -0.8391049, 0.603951], [0.04916504, 0.2824143, 0.03927066, 0.112551205, 0.21490431, 0.39901972, 0.7134642, -0.35063508, 0.023154901, -1.0955334, 2.0945516, 0.44267705, 0.48452103, 0.91451526, -0.68603015, -1.9060607, -1.3296813, -1.5392451, 1.0310926, -0.7794058, -2.398568, -0.22751372, 0.058886692, -0.921707, 2.0294275, 12.394591, 24.389864, 9.336233, 12.013051, 1.9582494, 18.658985, 1.5557531, 14.453546, 28.169256, -0.1758445, -1.35891, -0.3967539, -0.22759897, -4.344779, -0.7462434, -1.820469, -0.65327126, 2.0647647, -1.8166379, -0.16919878, -0.44775477, -1.1983479, -0.22385971, -0.3611361, -0.09773693, -0.45384076, -2.3524745, 0.36358434, -0.86708415, 1.3019011, -0.25457236, 0.11763896, 0.032229014, 3.1286025, -1.3818152, -1.0457721, -0.2510594, -4.440506, -1.0971823, -1.6847162, 0.0046172105, -0.1396352, -0.7852612, -1.6995394, -0.23927236, -1.398373, 0.31989765, -0.6416406, -0.86301136, -0.44673225, -0.3009897, 0.5798791, -1.0877024, -0.83661956, -0.51133794, 0.67402995, -1.3919206, -0.3435416, -1.5699589, -2.637063, 0.14144576, 0.37415412, 5.67933, -0.73915756, -0.124057055, 0.70754063, -0.6042416, -0.517225, 0.95696354, 0.9929417, -1.7420081, 2.1449854, 3.4643056, 0.043826967, 0.7642504, 0.46883574, -0.669494, -0.27281806, -0.06044871], [-0.30157202, -0.23703231, -0.058818918, 0.14643595, 0.36727518, 0.21615702, 0.5177925, 0.63766235, 0.2420867, -0.07266325, -0.7969826, 0.4242419, 0.23276448, -0.59743005, -0.62110287, -1.6071337, 0.07911811, -0.8396286, -2.684864, 0.60762393, -0.6297856, -0.79